[?25l[0m [38;2;0;0;0m                                                           [0m
 [38;2;0;0;0m                             [0m [38;2;138;20;22m▁[38;2;178;18;18m▁[38;2;183;13;15m▃[38;2;237;5;5m▄[38;2;221;8;7m▃[38;2;243;3;4m▃[38;2;247;2;2m▄[38;2;249;2;1m▃[38;2;249;1;1m▃[38;2;242;4;4m▅[38;2;247;1;2m▄[38;2;249;2;1m▄[38;2;239;4;5m▄[38;2;198;9;10m▂[38;2;173;16;17m▁              [0m
 [38;2;0;0;0m                         [0m [38;2;186;14;15m▃[38;2;241;3;3m▅[38;2;244;3;3m▇[38;2;252;0;3;48;2;246;2;3m╴[38;2;252;0;0;48;2;250;2;1m▆[38;2;250;1;0;48;2;252;1;1m┉[38;2;249;2;0;48;2;251;1;1m╴[38;2;251;1;1;48;2;252;0;0m╹[48;2;253;0;0m       [38;2;252;1;0m╷[38;2;251;1;0m▃[38;2;252;1;0;48;2;249;1;1m╴[0m[38;2;195;12;13m▌              [0m
 [38;2;0;0;0m                         [7m[38;2;198;10;11m▍[0m[38;2;251;1;0;48;2;252;1;1m╴[38;2;250;1;0;48;2;252;0;0m╵[48;2;253;0;0m             [38;2;250;1;1;48;2;252;0;1m▗[38;2;236;7;8;48;2;249;2;2m╶[0m[38;2;192;15;15m▂[0m [38;2;28;28;30m              [0m
 [38;2;0;0;0m           [0m [38;2;230;5;5m▄[38;2;174;16;18m▏          [0m [7m[38;2;247;1;3m▏[0m[38;2;117;33;34;48;2;253;0;0m               [38;2;253;0;0;48;2;251;1;0m▇[38;2;252;0;0;48;2;250;1;1m▇[38;2;253;0;0;48;2;252;1;1m┈[38;2;252;1;0;48;2;184;19;20m▇[0m[38;2;251;1;1m▇▇[7m[38;2;218;7;8m▝[0m[38;2;238;5;4m▄[38;2;205;12;13m▂[38;2;208;16;15m▁[0m [38;2;28;28;30m       [0m
 [38;2;0;0;0m           [38;2;227;7;6m▝[7m[38;2;244;3;3m▂[38;2;248;2;1m▝[0m[38;2;189;13;14m▖         [7m[38;2;164;20;22m▉[0m[38;2;233;5;6;48;2;251;1;1m▏[38;2;253;0;1;48;2;253;0;0m▏                     [38;2;253;0;0;48;2;250;1;2m▇[48;2;252;0;0m┈[38;2;251;1;0m╵[0m[7m[38;2;231;5;6m▝[0m[38;2;199;12;12m▃[0m [38;2;28;28;30m     [0m
 [38;2;0;0;0m            [0m [7m[38;2;196;11;12m▅[38;2;236;5;5m▂[38;2;206;9;9m▝[0m [38;2;125;20;22m       [7m[38;2;214;10;10m▌[0m[38;2;250;1;2;48;2;252;1;1m╹[38;2;252;0;1;48;2;253;0;0m▏                        [38;2;253;0;0;48;2;251;1;1m▆[48;2;249;2;2m▇[0m[38;2;244;3;3m▅[38;2;219;8;11m▖    [0m
 [38;2;0;0;0m              [0m [7m[38;2;184;13;13m▅[38;2;216;9;9m▂[0m[38;2;204;10;10m▄[0m [38;2;28;28;30m   [0m [38;2;206;9;9m▃[38;2;253;1;0;48;2;246;2;2m┊[38;2;253;0;0;48;2;252;0;2m▇[48;2;253;0;0m                           [48;2;250;1;2m▇[48;2;243;3;3m┈[0m[38;2;229;5;6m▅[38;2;157;18;19m▖  [0m
 [38;2;0;0;0m                [0m [7m[38;2;173;15;15m▅[38;2;213;9;10m▂[0m[38;2;233;5;5m▆[38;2;244;3;3m▅[38;2;236;5;5m▆[38;2;245;3;3m▇[38;2;248;3;0;48;2;251;1;0m╶[48;2;253;0;0m                             [38;2;251;0;1m▁[38;2;249;2;1m▁[38;2;162;18;18;48;2;249;1;2m▁[0m[7m[38;2;192;12;12m▃[0m[38;2;57;27;29m  [0m
 [38;2;0;0;0m                   [7m[38;2;191;12;13m▆[38;2;242;4;4m▃[0m[38;2;250;2;1;48;2;250;1;2m╴[38;2;251;2;0;48;2;253;0;0m▏                  [38;2;251;1;2m╷▁[38;2;251;2;0m▁[38;2;250;2;1m▁[38;2;251;1;0m▂[38;2;251;1;1m▁[38;2;252;0;0m▂[38;2;249;2;1m▁[38;2;252;0;1m▁[38;2;251;0;2m▁[38;2;188;13;13;48;2;252;0;0m▁[0m[7m[38;2;252;1;1m▂[38;2;229;6;6m▃[38;2;188;13;15m▇[0m [38;2;28;28;30m   [0m
 [38;2;0;0;0m [38;2;166;21;20m╺[38;2;237;6;6m━[38;2;248;2;3m▅[38;2;250;1;1m▅[38;2;221;9;8m▖[0m [38;2;28;28;30m    [38;2;162;20;24m╺[38;2;215;11;12m━[38;2;232;5;5m▅[38;2;234;5;5m▅[38;2;222;10;11m━[38;2;161;22;22m╸[0m [38;2;201;15;15m━[38;2;214;8;9m▅[38;2;250;1;1m▅[38;2;139;20;22;48;2;233;5;5m▘[0m[7m[38;2;247;1;2m▂[0m[38;2;253;0;0;48;2;251;1;1m┈[48;2;253;0;0m                 [38;2;247;3;2;48;2;252;0;1m╺[0m[7m[38;2;218;8;8m▝[0m[38;2;219;8;10m▃[7m[38;2;224;8;8m▅[38;2;244;3;3m▅[38;2;224;8;8m▃[38;2;241;4;4m▅[38;2;233;6;7m▄[38;2;240;3;5m▆[38;2;247;2;2m▆[0m [38;2;34;28;30m       [0m
 [38;2;0;0;0m   [7m[38;2;246;3;3m▍[38;2;241;3;3m▂[0m[38;2;252;1;0;48;2;250;2;2m┈[0m[7m[38;2;233;5;5m▝[0m[38;2;166;17;18m▖     [7m[38;2;237;5;5m▌[0m[38;2;235;7;7m▌    [7m[38;2;223;9;9m▌[0m[38;2;249;1;2;48;2;252;0;1m┕[0m[38;2;243;2;2m▊ [7m[38;2;166;15;15m▆[38;2;236;5;5m▃[0m[38;2;253;0;2;48;2;249;1;1m┊[48;2;253;0;0m                 [38;2;251;1;2;48;2;252;1;0m┊[0m[38;2;246;3;2m▇[38;2;236;5;5m▇[38;2;218;8;8m▄[38;2;214;9;11m▃[38;2;180;16;15m▂          [0m
 [38;2;0;0;0m   [7m[38;2;248;3;2m▍[0m[38;2;218;7;5m▎[38;2;209;10;11m▝[7m[38;2;245;3;2m▖[0m[38;2;252;0;0;48;2;246;2;2m┈[0m[38;2;234;5;5m▄[0m [38;2;117;21;23m   [7m[38;2;229;6;7m▌[0m[38;2;224;8;8m▌    [7m[38;2;218;8;11m▌[0m[38;2;251;1;1;48;2;253;0;0m▁[0m[38;2;243;2;2m▊   [7m[38;2;150;18;19m▆[38;2;230;5;5m▃[0m[38;2;252;1;0;48;2;248;2;2m╴[48;2;253;0;0m                 [38;2;250;1;0m╹[38;2;252;0;1m╺[38;2;252;0;0;48;2;250;2;2m▇[38;2;253;0;0;48;2;250;1;2m┈[0m[38;2;237;4;4m▃[0m [38;2;28;28;30m        [0m
 [38;2;0;0;0m   [7m[38;2;248;2;2m▍[0m[38;2;219;6;5m▎ [0m [7m[38;2;198;12;12m▄[0m[38;2;166;15;16;48;2;245;3;2m▁[38;2;244;3;3;48;2;160;16;17m▇[0m[38;2;198;11;12m▄[0m [38;2;28;28;30m [7m[38;2;229;6;7m▌[0m[38;2;224;8;9m▌    [7m[38;2;218;8;9m▌[0m[38;2;252;0;0;48;2;250;1;1m▇[38;2;246;2;2;48;2;144;19;18m▊[0m[38;2;243;3;3m━[38;2;244;2;3m━[38;2;244;3;2m━[38;2;246;2;2m━[38;2;188;12;13m▆[38;2;253;0;2;48;2;241;4;3m╴[0m[7m[38;2;240;4;4m▃[0m[38;2;252;0;2;48;2;245;2;2m┊[48;2;253;0;0m                   [38;2;171;18;19;48;2;244;3;2m╺[0m[38;2;140;20;21m▖        [0m
 [38;2;0;0;0m   [7m[38;2;249;2;2m▍[0m[38;2;219;6;5m▎   [0m [7m[38;2;233;6;5m▄[0m[38;2;251;2;1;48;2;246;2;2m┊[0m[7m[38;2;242;3;3m▝[0m[38;2;203;12;13m▖[7m[38;2;227;7;6m▌[0m[38;2;223;8;9m▌    [7m[38;2;218;8;10m▌[0m[38;2;28;28;30;48;2;253;0;0m [0m[38;2;243;2;2m▊     [38;2;240;5;5m▝[38;2;166;17;16m▏[7m[38;2;158;15;19m▇[38;2;238;4;4m▄[0m[38;2;252;1;0;48;2;243;3;3m╴[48;2;253;0;0m                 [38;2;249;2;0;48;2;252;1;0m▁[38;2;143;20;21;48;2;249;2;1m▝[0m[38;2;145;22;24m▖       [0m
 [38;2;0;0;0m   [7m[38;2;248;2;2m▍[0m[38;2;221;6;6m▎     [38;2;161;18;19m▝[7m[38;2;229;6;6m▖[0m[38;2;251;1;0;48;2;250;1;1m┈[38;2;242;3;2;48;2;146;19;20m▇[0m[38;2;224;8;8m▌    [7m[38;2;218;8;11m▌[0m[38;2;254;0;0;48;2;253;0;0m▏[0m[38;2;243;2;2m▊       [38;2;182;14;16m▗[38;2;195;14;13m▖[0m [7m[38;2;232;5;5m▄[0m[38;2;179;13;14;48;2;249;2;2m▁[48;2;253;0;0m               [38;2;253;0;0;48;2;251;1;0m▇[48;2;252;1;0m▆[0m[7m[38;2;179;14;15m▝[0m [38;2;28;28;30m      [0m
 [38;2;0;0;0m [38;2;126;29;30m▁[38;2;188;13;15m▂[38;2;141;21;22;48;2;248;2;2m▘[0m[7m[38;2;201;11;11m▝[0m[38;2;191;15;16m▁[0m [38;2;67;33;35m    [0m [38;2;218;9;9m▝[38;2;135;20;20;48;2;245;2;3m▖[0m[38;2;223;9;8m▌  [0m [38;2;192;15;20m▁[7m[38;2;216;8;9m▘[0m[38;2;251;0;3;48;2;251;1;1m╴[38;2;247;2;2;48;2;144;19;21m▊[0m[38;2;249;2;2m▂[38;2;239;5;5m▂[38;2;234;6;5m▂[38;2;239;4;5m▂[38;2;248;2;3m▂[38;2;241;4;5m▃[38;2;232;5;6m▅[38;2;231;6;6;48;2;139;22;22m▉[0m [38;2;28;28;30m  [0m [7m[38;2;227;6;6m▄[0m[38;2;170;15;18;48;2;247;2;2m▁[48;2;253;0;0m               [38;2;249;1;1;48;2;252;1;0m┍[0m[38;2;224;13;11m▏      [0m
 [38;2;0;0;0m [7m[38;2;206;9;11m▇[38;2;244;3;7m▇[38;2;245;5;6m▇[38;2;243;4;4m▇[38;2;240;5;4m▇[0m [38;2;29;28;30m      [0m  [38;2;28;28;30m  [0m [7m[38;2;243;3;5m▇[38;2;244;4;5m▇[38;2;244;3;4m▇[38;2;244;4;5m▇[38;2;243;5;5m▇[38;2;244;5;5m▇[38;2;244;5;6m▇▇▇[38;2;244;5;5m▇[38;2;241;6;4m▇[38;2;160;18;20m▇[0m[38;2;32;29;31m    [0m [38;2;163;17;17m▁[7m[38;2;220;7;7m▄[0m[38;2;252;1;1;48;2;243;2;3m┊[48;2;253;0;0m             [38;2;250;1;0;48;2;252;1;0m╶[38;2;247;2;2;48;2;147;19;21m▆[0m[38;2;213;12;13m▖     [0m
 [38;2;0;0;0m                     [0m [7m[38;2;195;15;16m▆[38;2;242;3;3m▖[0m[38;2;250;1;3;48;2;252;1;1m▏[0m[7m[38;2;234;4;5m▗[38;2;209;12;13m▅[38;2;215;11;11m▅[38;2;236;7;6m▅[38;2;231;7;8m▄[0m[38;2;224;7;7m▇[38;2;244;3;3m▅[38;2;209;9;11m▖ [0m [7m[38;2;183;17;16m▆[38;2;229;7;8m▖[0m[38;2;249;1;1;48;2;252;1;1m▏[38;2;253;0;0;48;2;252;0;0m┈[38;2;180;18;19;48;2;248;1;1m▁[38;2;251;1;3;48;2;252;0;1m╷[48;2;253;0;0m            [0m[38;2;211;12;13m▍     [0m
 [38;2;0;0;0m                       [7m[38;2;246;2;2m▍[0m[38;2;251;0;1;48;2;253;0;0m▏[0m[38;2;227;5;6m▋    [7m[38;2;227;10;8m▊[0m[38;2;251;2;0;48;2;251;1;1m▏[48;2;246;2;2m╴[0m[38;2;164;19;19m▏  [0m [7m[38;2;218;9;9m▖[0m[38;2;250;1;1;48;2;251;1;1m┈[0m[7m[38;2;220;8;9m▝[38;2;229;6;6m▅[38;2;240;3;3m▁[0m[38;2;253;0;0;48;2;252;0;0m┈[38;2;251;1;0;48;2;253;0;0m▏         [0m[38;2;218;8;9m▌     [0m
 [38;2;0;0;0m                       [7m[38;2;247;2;2m▍[0m[38;2;251;1;0;48;2;252;0;1m╻[0m[38;2;227;5;6m▋  [0m [38;2;212;13;14m▁[7m[38;2;226;7;8m▘[0m[38;2;253;0;0;48;2;247;2;2m╴[0m[7m[38;2;211;8;9m▗[0m [38;2;28;28;30m   [0m [7m[38;2;223;7;7m▖[0m[38;2;250;2;0;48;2;251;1;1m╵[0m[7m[38;2;209;10;10m▝[0m [7m[38;2;219;8;8m▅[0m[38;2;143;19;21;48;2;246;2;2m▂[38;2;250;1;2;48;2;253;0;0m▄[38;2;252;0;1m┈       [0m[38;2;229;6;6m▊     [0m
 [38;2;0;0;0m                       [7m[38;2;247;2;2m▍[0m[38;2;251;1;1;48;2;252;0;1m▂[0m[7m[38;2;226;6;6m▗[38;2;161;17;18m▃[0m[38;2;217;8;8m▇[38;2;250;2;1;48;2;143;24;25m▇[0m[7m[38;2;218;9;9m╺[38;2;235;8;8m▆[38;2;148;20;22m▇[0m[38;2;30;28;30m      [0m [7m[38;2;230;6;7m▖[0m[38;2;249;2;1;48;2;251;1;1m┒[0m[7m[38;2;203;10;10m▝[0m  [7m[38;2;238;4;5m▍[0m[38;2;160;21;24;48;2;249;1;1m▁[38;2;250;1;1;48;2;252;0;0m┒[38;2;251;1;1;48;2;253;0;0m╸     [0m[7m[38;2;189;14;15m▗[0m[38;2;30;28;30m     [0m
 [38;2;0;0;0m                       [7m[38;2;247;2;2m▍[0m[38;2;251;1;0;48;2;252;0;1m╵[0m[38;2;227;5;6m▋ [0m [7m[38;2;225;7;7m▄[0m[38;2;252;1;2;48;2;243;3;3m┈[0m[7m[38;2;239;4;4m▝[0m[38;2;189;14;14m▖       [0m [7m[38;2;232;6;6m▖[0m[38;2;250;2;0;48;2;251;1;1m╶[0m[7m[38;2;196;12;12m▝[0m[38;2;229;7;8m▗[7m[38;2;230;7;7m▗[0m [7m[38;2;201;11;11m▅[38;2;241;3;3m▂[0m[38;2;249;1;1;48;2;251;1;0m╴[38;2;253;0;2;48;2;253;0;0m╴   [0m[38;2;226;7;9m▌     [0m
 [38;2;0;0;0m                       [7m[38;2;228;7;6m▎[0m[38;2;250;1;0;48;2;252;0;1m┖[0m[38;2;228;5;6m▋   [38;2;153;17;20m▝[7m[38;2;231;6;6m▖[0m[38;2;251;1;1;48;2;249;2;2m┊[0m[38;2;229;6;6m▅[38;2;133;21;23m▖      [0m [7m[38;2;237;5;5m▖[0m[38;2;251;1;1;48;2;249;2;2m▇[0m[7m[38;2;245;3;2m▗[0m [38;2;100;23;25m  [0m [7m[38;2;190;12;12m▅[38;2;237;4;4m▂[0m[38;2;249;1;4;48;2;250;1;1m╷[38;2;253;0;1;48;2;253;0;0m▏ [0m[38;2;230;7;7m▍     [0m
 [38;2;0;0;0m                     [38;2;197;16;15m╶[38;2;220;10;6m╼[7m[38;2;222;8;8m▂[38;2;241;4;4m▂[38;2;213;10;11m▂[0m[38;2;206;12;13m╾[38;2;202;13;17m╴   [38;2;225;7;8m▝[7m[38;2;237;6;5m▂[38;2;230;7;7m▂[0m[38;2;248;2;1m╾[38;2;215;9;11m╴     [0m [7m[38;2;217;8;9m▂[0m[38;2;140;21;22m▘     [0m [7m[38;2;180;13;14m▅[38;2;234;4;4m▂[0m[38;2;249;1;1;48;2;251;1;0m╻[0m[38;2;244;3;3m▊     [0m
 [38;2;0;0;0m                                                    [7m[38;2;168;16;16m▅[0m[38;2;249;3;2m▘     [0m
 [38;2;0;0;0m                                                           [0m
 [38;2;0;0;0m                                                           [0m
[?25h